66900
-72346
46441
97409
34489
38435
-96134
66198
68589
35467
35268
-41873
-81211
4851
5981
62345
-81954
43225
-37112
28409
-66040
39126
-86919
68248
-77840
-5308
-90177
30233
90085
24872
-65866
36316
-1370
-61138
44538
-40695
-56028
88009
40424
99267
58973
48861
43672
-92081
44532
72288
79101
40424
32703
58259
-18364
-4393
75552
-79173
61549
-14904
13361
39519
25090
30264
27635
-80920
-47444
56029
-11037
8047
86770
-70739
33656
-15316
-65874
-41862
-90884
-79031
50519
-40947
-88002
88830
77885
82850
58012
75458
-70286
20091
41035
81988
25174
-56440
20612
42868
-58430
-51691
-27554
-95633
-71895
-80959
87169
89580
-46445
-7577
17375
55712
-67187
10118
-49443
14737
-42000
-24233
-85215
44018
45000
79230
10078
-94155
92438
-30485
-49715
470
